166
19
13217713
161
25
13217729
154
38
13217755
147
54
13217771
128
95
13217793
110
132
13217814
107
143
13217837
107
152
13217845
113
189
13217880
137
221
13217903
149
232
13217925
173
248
13217947
195
262
13217955
225
278
13217991
234
282
13218012
238
285
13218021
240
287
13218057
243
292
13218079
245
299
13218104
246
308
13218129
246
326
13218152
243
336
13218174
237
342
13218196
228
348
13218205
197
376
13218248
172
399
13218271
167
404
13218294
165
418
13218326
165
429
13218346
169
436
13218360
173
446
13218384
186
461
13218410
197
469
13218434
225
483
13218459
239
486
13218468
274
488
13218507
286
488
13218516
313
486
13218557
321
483
13218566
327
477
13218609
328
476
13218641
330
477
13218669
332
482
13218685
335
493
13218693
348
515
13218729
354
524
13218749
362
532
13218758
379
547
13218785
394
558
13218809
396
561
13218832
396
562
13218868
396
563
13218885
389
566
13218895
353
584
13218929
327
612
13218947
305
628
13218971
279
659
13218994
269
678
13219021
269
681
13219030
270
686
13219067
273
688
13219085
288
693
13219109
303
696
13219118
340
698
13219159
365
698
13219183
399
691
13219209
405
687
13219234
408
686
13219323
409
686
13219346
414
683
13219365
417
682
13219365
427
672
13219404
430
672
13219415
430
669
13219457
431
657
13219485
435
648
13219494
435
599
13219537
430
596
13219572
425
596
13219594
375
613
13219622
312
637
13219649
267
665
13219675
252
693
13219701
250
719
13219711
249
807
13219754
266
839
13219781
251
869
13219916
240
869
13219931
221
869
13219972
227
836
13219997
233
810
13220020
235
764
13220045
230
730
13220055
216
684
13220097
202
664
13220122
176
634
13220149
151
611
13220159
107
616
13220202
81
649
13220228
61
684
13220238