433
0
16272807
432
2
16272814
432
5
16272823
430
8
16272838
429
11
16272854
429
12
16272870
429
13
16272879
428
15
16272886
427
17
16272902
425
17
16272911
424
18
16272919
423
19
16272927
418
21
16272934
415
21
16272943
412
22
16272951
408
22
16272959
401
24
16272968
397
24
16272976
391
25
16272985
388
25
16272991
386
25
16272998
381
27
16273007
378
27
16273014
376
27
16273023
373
28
16273031
370
28
16273039
366
30
16273047
362
30
16273055
357
30
16273063
351
30
16273071
345
30
16273079
336
31
16273087
330
31
16273095
324
31
16273102
318
31
16273111
312
31
16273118
306
33
16273127
301
33
16273134
297
33
16273143
293
33
16273151
290
33
16273159
289
33
16273168
286
33
16273175
285
33
16273184
283
33
16273191
280
33
16273198
276
33
16273207
273
33
16273215
270
33
16273223
264
33
16273231
260
33
16273239
257
33
16273248
253
33
16273255
249
33
16273263
246
33
16273271
245
33
16273279
244
33
16273287
241
33
16273310
239
33
16273334
239
34
16273343
236
34
16273351
235
34
16273359
232
35
16273367
228
37
16273375
223
37
16273382
221
38
16273391
216
38
16273398
212
40
16273407
207
41
16273415
205
41
16273423
200
41
16273432
196
41
16273439
192
41
16273448
189
43
16273455
186
43
16273464
183
43
16273471
181
43
16273479
178
44
16273495
177
44
16273510
176
45
16273534
175
47
16273543
172
47
16273559
171
47
16273567
168
48
16273575
166
49
16273582
164
49
16273591
163
49
16273598
161
50
16273607
160
50
16273615
158
50
16273623
158
52
16273632
157
52
16273649
156
53
16273663
155
54
16273671
154
55
16273679
150
55
16273687
149
56
16273695
147
56
16273703
145
59
16273711
138
62
16273725
137
63
16273734
136
63
16273743
136
65
16273751
135
65
16273758
134
66
16273773
134
67
16273797
132
67
16273806
132
68
16273815
132
69
16273822
131
69
16273830
130
70
16273839
130
72
16273848
129
72
16273855
128
74
16273863
126
74
16273894
125
75
16273904
125
78
16273926
124
79
16273936
124
80
16273951
123
83
16273959
122
84
16273966
120
86
16273975
119
88
16273990
119
89
16273999
119
90
16274016
119
91
16274023
119
92
16274038
119
93
16274049
119
95
16274065
119
96
16274071
121
97
16274079
121
98
16274090
121
99
16274097
121
100
16274105
121
103
16274112
122
104
16274119
122
105
16274136
123
106
16274143
124
109
16274151
125
110
16274167
127
113
16274176
130
116
16274191
131
117
16274207
132
118
16274216
133
119
16274224
133
120
16274233
136
121
16274240
137
123
16274250
139
124
16274256
142
125
16274263
145
125
16274279
148
127
16274279
149
128
16274292
150
128
16274297
152
128
16274306
154
128
16274313
155
129
16274321
156
130
16274328
157
130
16274335
158
130
16274344
161
131
16274351
164
133
16274360
166
134
16274367
171
134
16274376
173
134
16274384
180
138
16274392
183
138
16274399
185
139
16274408
188
140
16274417
191
140
16274424
195
142
16274434
198
142
16274441
200
142
16274451
207
142
16274458
209
142
16274466
212
142
16274473
214
142
16274487
217
142
16274503
220
142
16274519
221
142
16274528
223
142
16274536
225
142
16274544
226
142
16274552
228
142
16274560
229
142
16274568
230
142
16274576
232
142
16274584
233
142
16274592
234
142
16274600
236
142
16274608
239
142
16274616
242
142
16274624
246
142
16274633
249
142
16274640
250
142
16274651
252
142
16274658
255
142
16274667
258
142
16274674
259
142
16274680
261
142
16274690
264
142
16274696
266
142
16274704
273
142
16274712
275
142
16274722
278
142
16274731
284
142
16274745
288
142
16274746
295
142
16274762
300
142
16274771
301
142
16274779
303
142
16274788
306
142
16274795
307
142
16274804
308
142
16274811
311
142
16274824
313
142
16274839
316
142
16274851
317
142
16274858
320
142
16274865
324
142
16274875
327
142
16274882
329
142
16274892
332
142
16274899
335
142
16274910
336
142
16274916
340
142
16274927
342
142
16274937
348
142
16274945
351
143
16274954
356
143
16274962
358
145
16274972
365
146
16274980
369
146
16274991
373
146
16274992
382
149
16275008
387
149
16275019
389
151
16275027
392
152
16275038
395
153
16275051
398
155
16275060
401
156
16275079
402
156
16275091
403
157
16275099
404
159
16275110
407
160
16275121
410
161
16275129
411
162
16275141
412
162
16275148
413
164
16275160
414
166
16275175
414
167
16275199
417
170
16275208
417
171
16275219
417
172
16275227
418
175
16275238
420
178
16275247
420
179
16275251
421
182
16275265
424
184
16275277
424
185
16275285
424
187
16275297
424
190
16275309
424
191
16275316
424
196
16275328
424
198
16275339
424
199
16275348
424
202
16275359
424
205
16275372
424
206
16275381
423
210
16275393
422
212
16275405
422
213
16275414
421
217
16275427
420
218
16275438
419
219
16275447
417
219
16275453
416
220
16275467
415
222
16275479
414
223
16275480
410
224
16275499
408
225
16275512
407
225
16275523
406
226
16275533
401
227
16275546
399
227
16275559
397
229
16275560
393
231
16275578
388
234
16275591
386
235
16275605
384
236
16275615
380
239
16275627
376
241
16275642
371
244
16275656
366
246
16275672
364
247
16275681
359
247
16275694
358
247
16275695
353
248
16275713
350
248
16275723
349
248
16275730
347
248
16275744
344
250
16275756
343
250
16275765
336
250
16275779
329
253
16275793
324
253
16275805
320
253
16275815
317
254
16275820
312
256
16275836
306
257
16275850
301
257
16275864
300
258
16275879
297
258
16275880
292
260
16275902
285
261
16275919
279
261
16275926
260
261
16275948
256
261
16275958
253
261
16275959
248
262
16275978
244
264
16275992
243
265
16276006
242
265
16276017
241
266
16276022
237
267
16276039
234
267
16276045
226
270
16276066
223
270
16276078
219
272
16276087
214
273
16276102
212
274
16276117
210
274
16276132
207
275
16276146
205
277
16276160
203
278
16276161
200
278
16276182
198
279
16276194
196
280
16276208
194
281
16276224
193
281
16276240
191
283
16276255
189
284
16276271
185
285
16276281
182
286
16276296
182
288
16276311
178
289
16276312
171
293
16276336
169
294
16276352
167
295
16276368
165
296
16276385
164
297
16276405
163
300
16276423
163
303
16276455
163
304
16276470
162
305
16276481
159
307
16276497
158
308
16276512
156
311
16276528
156
312
16276542
155
313
16276544
155
314
16276566
154
317
16276581
150
322
16276600
147
324
16276619
145
328
16276635
142
330
16276652
142
333
16276668
142
334
16276675
141
335
16276687
140
337
16276693
140
340
16276704
139
342
16276721
138
345
16276727
138
347
16276743
138
353
16276784
138
356
16276805
138
357
16276823
138
359
16276839
138
360
16276856
139
361
16276867
139
365
16276885
141
367
16276902
141
370
16276919
142
371
16276925
144
372
16276944
146
375
16276961
149
377
16276977
151
380
16276994
152
383
16277016
155
384
16277030
158
387
16277047
164
390
16277064
167
393
16277071
172
394
16277083
182
398
16277115
185
399
16277137
186
399
16277152
191
401
16277169
198
405
16277187
204
407
16277205
213
410
16277222
222
413
16277240
225
414
16277247
230
417
16277259
237
419
16277284
244
420
16277303
253
422
16277321
262
423
16277328
272
423
16277359
274
423
16277367
276
424
16277398
282
425
16277417
292
427
16277437
305
429
16277456
314
430
16277476
318
431
16277496
322
431
16277503
330
431
16277534
341
431
16277552
352
431
16277571
357
431
16277590
360
431
16277597
367
431
16277630
368
431
16277637
387
433
16277672
392
433
16277691
401
436
16277709
407
438
16277728
412
441
16277735
423
449
16277773
429
454
16277792
434
460
16277811
438
466
16277830
439
469
16277838
440
471
16277867
442
474
16277891
442
479
16277908
442
480
16277920
442
485
16277928
442
489
16277955
442
492
16277971
442
494
16277997
442
495
16278013
442
500
16278034
439
502
16278054
437
505
16278080
436
506
16278081
432
511
16278106
430
516
16278126
427
520
16278148
426
521
16278168
425
522
16278176
421
525
16278189
416
528
16278217
409
534
16278225
399
539
16278257
395
541
16278265
386
544
16278299
383
544
16278307
378
545
16278323
375
545
16278331
373
545
16278336
370
545
16278349
366
545
16278357
360
545
16278371
356
545
16278379
352
545
16278385
346
545
16278398
344
545
16278406
317
544
16278488
314
545
16278496
307
546
16278510
289
552
16278542
277
557
16278562
274
558
16278584
272
559
16278592
266
560
16278629
263
563
16278649
258
564
16278658
253
565
16278692
251
567
16278713
250
568
16278721
243
573
16278756
238
576
16278778
233
578
16278800
229
580
16278808
219
584
16278840
217
586
16278849
214
587
16278884
209
591
16278905
203
594
16278931
201
596
16278949
199
597
16278972
197
599
16278993
195
601
16279016
194
602
16279025
187
613
16279060
181
620
16279081
179
624
16279089
176
627
16279124
174
631
16279146
172
633
16279169
171
634
16279177
171
638
16279211
171
641
16279234
171
644
16279256
171
646
16279265
174
653
16279302
175
660
16279325
176
665
16279348
179
669
16279378
179
671
16279398
181
672
16279421
183
675
16279443
186
678
16279469
189
682
16279494
191
683
16279518
196
684
16279546
200
685
16279563
205
688
16279587
213
689
16279610
221
692
16279635
234
697
16279660
248
701
16279684
256
704
16279706
265
705
16279730
268
705
16279755
272
706
16279779
278
708
16279803
287
709
16279826
294
709
16279834
304
709
16279873
313
711
16279883
350
712
16279922
364
712
16279944
386
714
16279967
402
718
16279976
416
720
16280015
417
720
16280025
420
722
16280062
422
723
16280093
429
727
16280114
432
730
16280115
443
735
16280150
446
737
16280181
446
738
16280199
450
742
16280208
453
745
16280244
456
746
16280266
460
750
16280275
462
755
16280309
463
759
16280330
463
760
16280331
466
766
16280367
466
770
16280393
467
772
16280402
469
781
16280442
471
787
16280467
473
792
16280491
473
797
16280515
473
803
16280539
473
805
16280564
473
810
16280590
473
814
16280615
471
819
16280640
468
820
16280652
449
827
16280695
435
835
16280721
427
841
16280731
409
850
16280784
402
853
16280794
388
860
16280833
385
863
16280855
383
865
16280865
303
869
16281288
228
855
16281312
183
842
16281333
64
805
16281359
28
795
16281370
12
801
16281420