5
621
329808678
6
621
329808701
8
621
329808725
9
621
329808733
10
620
329808750
11
620
329808766
12
620
329808789
13
620
329808813
15
619
329808878
16
619
329808901
17
618
329808917
18
618
329808934
19
618
329808997
20
618
329809013
22
618
329809029
23
618
329809053
24
618
329809070
25
617
329809078
26
617
329809085
27
616
329809109
29
616
329809117
30
616
329809133
31
616
329809157
32
616
329809173
33
616
329809261
34
616
329809277
36
616
329809285
37
614
329809294
38
614
329809301
39
614
329809310
40
614
329809317
41
614
329809334
43
614
329809351
44
614
329809358
45
614
329809367
47
614
329809374
49
614
329809389
50
614
329809405
52
613
329809421
55
612
329809445
56
612
329809461
57
612
329809485
59
612
329809509
59
611
329809525
60
611
329809541
61
611
329809557
62
609
329809567
63
609
329809597
64
609
329809605
66
609
329809614
67
609
329809621
68
608
329809630
69
608
329809637
70
608
329809646
71
608
329809654
74
608
329809662
77
607
329809693
78
607
329809717
79
607
329809734
80
606
329809750
81
606
329809758
82
606
329809773
84
606
329809782
85
606
329809790
86
606
329809798
87
606
329809806
88
606
329809814
89
606
329809822
91
606
329809830
92
606
329809853
93
606
329809870
94
606
329809902
95
606
329809911
96
606
329809926
98
606
329809935
99
605
329809958
100
605
329809967
102
605
329809975
104
605
329809998
105
605
329810007
106
605
329810046
107
605
329810063
108
605
329810072
111
605
329810086
112
605
329810102
113
605
329810117
114
605
329810149
115
605
329810158
117
605
329810173
118
605
329810182
119
605
329810198
120
605
329810214
121
605
329810221
122
605
329810230
124
605
329810237
126
605
329810246
129
605
329810253
131
605
329810271
132
605
329810278
135
605
329810285
138
605
329810301
139
605
329810333
140
605
329810357
142
605
329810390
143
605
329810398
145
605
329810406
146
605
329810414
147
605
329810421
148
605
329810445
149
605
329810461
150
605
329810525
152
605
329810533
153
605
329810542
154
605
329810551
155
605
329810566
156
605
329810574
157
605
329810589
159
605
329810598
160
605
329810614
161
605
329810621
162
605
329810638
163
605
329810646
164
605
329810661
166
605
329810669
167
605
329810685
168
605
329810694
169
605
329810702
170
605
329810725
171
605
329810741
173
605
329810765
174
605
329810774
175
605
329810793
176
605
329810806
177
605
329810815
178
605
329810830
180
605
329810838
181
605
329810860
182
605
329810868
183
605
329810878
184
605
329810885
185
605
329810894
187
605
329810901
188
605
329810919
189
605
329810936
190
605
329810952
191
603
329810969
194
603
329810984
195
603
329810991
196
603
329811014
197
603
329811029
200
602
329811080
201
602
329811109
202
602
329811126
203
602
329811135
204
602
329811152
206
601
329811160
207
601
329811174
208
601
329811185
209
601
329811199
210
601
329811208
213
601
329811215
215
601
329811231
218
601
329811247
221
601
329811286
222
601
329811302
223
601
329811318
224
601
329811326
227
601
329811341
229
601
329811357
230
601
329811373
232
601
329811382
233
601
329811398
234
601
329811414
235
601
329811436
236
601
329811446
237
600
329811455
239
600
329811469
240
600
329811478
241
600
329811492
242
600
329811509
243
600
329811525
244
600
329811535
246
600
329811557
248
600
329811569
249
599
329811582
250
599
329811592
253
599
329811606
256
597
329811621
257
597
329811630
258
597
329811640
259
597
329811646
262
597
329811655
263
597
329811663
265
597
329811672
266
597
329811680
269
597
329811689
270
596
329811702
271
596
329811710
274
595
329811719
275
595
329811727
276
595
329811736
277
595
329811743
280
593
329811752
282
593
329811769
284
592
329811776
286
592
329811783
287
591
329811795
288
591
329811801
291
591
329811813
293
591
329811813
296
590
329811830
299
590
329811846
300
590
329811860
301
590
329811871
302
590
329811878
305
590
329811893
306
590
329811908
307
590
329811919
308
589
329811927
310
589
329811937
311
589
329811945
312
589
329811955
316
589
329811968
317
589
329811980
318
589
329811987
320
589
329811999
321
589
329812010
323
589
329812023
324
589
329812037
325
589
329812048
326
589
329812078
327
589
329812095
328
589
329812106
329
589
329812120
331
589
329812136
332
589
329812144
333
589
329812166
334
589
329812175
335
589
329812187
336
589
329812195
338
589
329812206
339
589
329812216
341
587
329812231
343
587
329812247
344
587
329812260
345
587
329812267
346
587
329812280
347
587
329812294
348
587
329812318
350
587
329812336
351
587
329812353
352
587
329812370
353
587
329812387
356
589
329812403
358
589
329812416
359
589
329812431
361
590
329812445
362
590
329812452
363
590
329812465
365
591
329812478
368
593
329812489
369
593
329812503
371
593
329812521
372
593
329812542
373
593
329812566
374
594
329812576
375
594
329812588
376
594
329812597
378
595
329812604
380
595
329812617
382
595
329812631
384
595
329812661
385
596
329812671
386
596
329812687
387
596
329812704
388
597
329812713
391
599
329812725
392
599
329812773
393
599
329812790
394
600
329812807
395
600
329812821
398
601
329812831
399
602
329812853
400
602
329812863
401
602
329812885
402
603
329812896
404
604
329812908
406
604
329812910
407
606
329812928
408
607
329812942
411
608
329812981
412
609
329813013
413
609
329813030
415
612
329813046
416
613
329813069
416
614
329813082
417
614
329813096
418
617
329813109
419
617
329813119
421
619
329813125
423
621
329813144
426
623
329813158
427
624
329813176
428
625
329813189
429
627
329813204
432
627
329813222
432
628
329813232
433
629
329813254
434
630
329813271
435
631
329813288
436
632
329813298
438
634
329813313
438
635
329813326
439
636
329813327
440
637
329813346
442
639
329813362
443
642
329813376
446
644
329813391
446
645
329813406
449
648
329813407
450
649
329813427
452
651
329813442
453
653
329813453
454
654
329813467
456
655
329813483
457
656
329813498
458
656
329813513
459
657
329813526
460
658
329813541
461
658
329813552
463
660
329813557
464
660
329813578
465
661
329813594
466
661
329813609
467
661
329813619
468
662
329813635
471
663
329813650
472
663
329813702
473
664
329813720
474
664
329813738
475
664
329813759
477
664
329813773
478
665
329813775
481
665
329813797
484
665
329813799
485
665
329813815
489
667
329813831
490
667
329813861
491
667
329813873
492
668
329813909
493
668
329813925
495
668
329813942
497
669
329813958
499
669
329813975
503
669
329813991
504
669
329814002
507
669
329814018
508
669
329814077
509
669
329814093
510
669
329814109
511
669
329814129
513
669
329814149
514
669
329814174
515
669
329814205
516
669
329814218
517
669
329814262
518
669
329814287
521
669
329814310
522
669
329814326
525
669
329814342
527
667
329814358
530
666
329814375
531
666
329814392
532
666
329814403
533
665
329814421
534
665
329814446
537
664
329814463
538
664
329814475
539
664
329814491
540
663
329814508
543
661
329814534
544
660
329814558
545
660
329814574
548
659
329814591
549
659
329814608
550
658
329814630
551
656
329814646
552
656
329814670
553
655
329814688
555
654
329814710
555
653
329814726
556
651
329814743
557
649
329814760
557
648
329814777
558
646
329814796
559
645
329814809
561
643
329814825
561
642
329814846
562
641
329814863
563
640
329814886
564
639
329814906
565
638
329814927
566
636
329814958
568
635
329814977
569
634
329814994
571
633
329815012
572
632
329815030
574
632
329815043
575
630
329815070
576
630
329815084
577
630
329815103
578
629
329815110
581
628
329815136
582
628
329815153
583
627
329815169
585
626
329815188
588
625
329815207
589
625
329815226
591
623
329815245
593
623
329815252
598
621
329815283
600
620
329815308
601
618
329815323
604
617
329815342
605
616
329815366
606
615
329815367
608
615
329815390
610
615
329815398
613
614
329815428
614
614
329815452
617
613
329815471
619
613
329815490
621
611
329815509
622
611
329815517
627
611
329815547
630
611
329815566
634
611
329815574
639
610
329815605
640
610
329815612
643
610
329815643
645
610
329815663
647
610
329815670
649
610
329815702
652
609
329815710
655
609
329815741
656
609
329815766
657
609
329815782
658
609
329815789
659
609
329815818
660
609
329815834
662
609
329815854
663
609
329815867
665
609
329815888
668
609
329815895
670
609
329815924
673
609
329815950
676
611
329815974
677
611
329815994
678
612
329816013
679
612
329816035
680
612
329816057
683
613
329816078
684
613
329816102
685
614
329816128
686
614
329816146
689
614
329816166
690
615
329816214
691
615
329816233
692
617
329816250
695
618
329816271
696
619
329816280
697
620
329816311
698
620
329816330
699
621
329816350
700
622
329816368
702
622
329816376
703
624
329816405
704
624
329816422
705
625
329816442
708
626
329816463
709
626
329816492
710
626
329816515
711
627
329816531
712
628
329816558
713
629
329816584
715
631
329816600
716
631
329816626
717
632
329816640
718
632
329816648
720
634
329816682
723
636
329816703
724
638
329816725
726
640
329816746
728
640
329816790
729
640
329816822
730
643
329816844
731
643
329816886
732
643
329816908
734
645
329816935
735
647
329816961
736
647
329816981
738
648
329817006
739
648
329817046
741
649
329817102
742
650
329817126
744
651
329817148
745
652
329817167
748
652
329817175
749
654
329817207
751
654
329817246
753
655
329817295
754
655
329817351
755
655
329817374
756
655
329817407
757
656
329817430
758
656
329817463
760
656
329817488
761
656
329817527
762
656
329817567
763
656
329817623
764
656
329817702
765
656
329817722
767
656
329817782
769
656
329817807
771
656
329817828
774
656
329817851
775
656
329817873
776
656
329817898
777
656
329817916
780
655
329817940
782
653
329817969
783
653
329818022
784
653
329818046
785
652
329818072
787
652
329818110
789
652
329818130
792
651
329818152
794
651
329818175
797
650
329818200
798
650
329818218
799
650
329818246
800
649
329818267
801
649
329818287
804
649
329818297
805
647
329818329
806
646
329818356
808
646
329818378
810
645
329818402
811
644
329818425
812
644
329818444
814
644
329818459
815
643
329818488
817
642
329818508
819
642
329818531
820
640
329818555
821
640
329818585
822
640
329818639
824
639
329818664
825
639
329818683
827
639
329818708
831
638
329818732
833
637
329818763
835
636
329818787
838
636
329818808
840
635
329818817
845
632
329818856
846
632
329818886
847
632
329818926
848
632
329818957
849
631
329818998
851
631
329819017
853
631
329819041
854
631
329819066
855
630
329819098
856
630
329819114
858
630
329819145
859
629
329819170
860
629
329819194
861
629
329819210
864
629
329819236
866
627
329819267
868
626
329819297
869
626
329819316
870
626
329819340
872
626
329819366
875
626
329819398
875
625
329819414
877
625
329819416
879
624
329819459
881
624
329819475
884
624
329819500
889
624
329819525
892
623
329819551
894
623
329819561
896
623
329819601
899
623
329819634
902
623
329819650
904
623
329819676
905
623
329819701
908
623
329819726
910
623
329819736
913
623
329819777
915
623
329819787
917
623
329819816
919
623
329819826
923
623
329819869
925
623
329819895
926
623
329819928
928
623
329819951
930
623
329819977
933
623
329820010
936
621
329820036
937
621
329820103
938
621
329820129
939
621
329820155
940
621
329820176
942
621
329820201
943
621
329820227
944
621
329820253
945
621
329820279
946
621
329820313
949
621
329820334
950
621
329820368
951
621
329820389
952
621
329820415
953
621
329820425
956
622
329820486
957
622
329820514
958
622
329820543
959
622
329820570