262
0
157920305
264
3
157920314
267
4
157920321
272
7
157920330
275
8
157920337
278
11
157920346
279
12
157920353
281
14
157920362
282
15
157920369
285
18
157920378
286
19
157920385
289
20
157920394
290
21
157920401
291
24
157920410
296
27
157920418
297
28
157920426
303
31
157920434
305
32
157920442
308
34
157920450
309
35
157920458
313
36
157920466
316
37
157920474
319
37
157920482
320
39
157920490
321
39
157920498
322
39
157920505
324
40
157920514
326
40
157920537
327
41
157920546
330
42
157920553
332
42
157920561
335
42
157920569
338
44
157920577
339
44
157920585
340
45
157920594
341
45
157920602
342
45
157920619
344
46
157920626
346
46
157920641
351
47
157920649
353
47
157920658
356
47
157920666
360
49
157920674
365
50
157920682
367
50
157920690
369
50
157920698
371
52
157920705
372
52
157920714
374
52
157920721
376
52
157920729
377
53
157920737
378
53
157920746
379
53
157920754
381
53
157920761
383
53
157920769
384
53
157920777
385
53
157920785
387
53
157920794
389
53
157920801
392
54
157920810
395
56
157920818
399
57
157920826
402
57
157920834
405
59
157920842
409
60
157920850
412
60
157920858
418
62
157920866
421
62
157920874
427
65
157920883
432
65
157920890
436
65
157920898
439
65
157920906
443
66
157920914
446
66
157920921
448
68
157920930
453
68
157920937
455
68
157920946
458
68
157920953
461
69
157920962
463
69
157920970
470
71
157920978
474
72
157920985
477
72
157920994
481
72
157921002
488
74
157921010
492
74
157921017
496
74
157921026
501
74
157921034
505
74
157921042
511
74
157921050
514
74
157921058
518
74
157921067
521
74
157921074
523
74
157921083
525
74
157921090
526
74
157921098
528
74
157921106
531
74
157921121
532
74
157921130
534
74
157921145
537
74
157921153
543
75
157921162
546
75
157921169
561
77
157921184
565
77
157921193
571
77
157921201
576
77
157921209
582
77
157921217
588
77
157921225
591
77
157921234
595
74
157921241
598
74
157921249
601
71
157921257
604
71
157921265
608
69
157921273
613
68
157921281
617
68
157921289
620
68
157921297
624
66
157921304
627
66
157921313
629
65
157921321
632
65
157921330
635
63
157921338
638
63
157921346
640
62
157921354
643
59
157921362
646
59
157921369
649
56
157921377
651
56
157921385
654
55
157921393
657
53
157921401
660
52
157921413
664
49
157921422
667
48
157921427
670
46
157921434
675
43
157921442
679
40
157921451
682
37
157921458
685
36
157921467
688
33
157921474
690
33
157921485
693
30
157921490
695
30
157921498
697
29
157921506
700
27
157921514
703
24
157921522
706
23
157921530
710
18
157921538
715
13
157921546
720
12
157921553
724
7
157921562
730
0
157921570