7
80
156694750
10
83
156694759
19
88
156694767
26
93
156694774
33
99
156694783
40
102
156694790
50
110
156694799
59
116
156694806
67
121
156694815
74
126
156694822
81
132
156694831
93
140
156694838
101
147
156694847
111
157
156694854
120
163
156694863
130
171
156694870
140
177
156694879
149
185
156694887
157
190
156694895
166
198
156694903
179
206
156694911
188
212
156694920
198
217
156694927
210
224
156694935
220
231
156694943
229
237
156694951
239
243
156694959
251
249
156694967
261
255
156694974
275
261
156694983
285
267
156694990
297
273
156694999
309
279
156695006
316
282
156695015
323
287
156695022
330
291
156695031
336
294
156695038
341
297
156695047
345
299
156695054
348
302
156695063
355
305
156695070
358
308
156695079
364
311
156695087
371
316
156695096
378
320
156695104
386
327
156695111
507
414
156695231
522
422
156695238
534
428
156695247
549
437
156695254
561
445
156695263
576
453
156695271
585
459
156695279
600
468
156695287
607
471
156695295
616
477
156695303
624
482
156695311
633
488
156695319
642
492
156695327
647
495
156695335
658
500
156695343
665
504
156695351
677
510
156695359
686
515
156695367
693
519
156695375
700
522
156695383
709
528
156695391
716
531
156695399
725
535
156695410
733
540
156695415
742
546
156695424
751
550
156695431
759
555
156695438
765
558
156695447
768
560
156695454
775
563
156695463
779
566
156695471
788
571
156695479
791
573
156695487
794
574
156695495
798
579
156695504