10
644
156621093
16
641
156621101
23
638
156621109
28
635
156621116
39
631
156621124
43
626
156621133
48
623
156621141
52
622
156621149
59
617
156621157
62
615
156621165
69
610
156621173
73
607
156621181
78
602
156621189
83
599
156621197
87
596
156621204
92
593
156621212
96
590
156621220
101
587
156621229
102
586
156621236
106
585
156621244
109
583
156621252
113
582
156621260
116
579
156621268
119
577
156621276
124
576
156621284
128
573
156621292
133
571
156621300
137
568
156621308
142
567
156621317
148
564
156621325
151
562
156621333
154
561
156621341
159
558
156621348
163
556
156621357
166
555
156621366
170
600
156621373
177
605
156621381
180
455
156621389
182
450
156621396
189
546
156621404
193
544
156621413
196
543
156621420
203
539
156621428
207
538
156621436
215
536
156621445
218
535
156621452
223
533
156621460
229
532
156621471
234
529
156621477
238
527
156621484
247
524
156621492
253
522
156621500
260
519
156621509
266
517
156621517
278
511
156621525
287
509
156621533
297
504
156621541
309
498
156621548
318
494
156621557
333
488
156621566
342
482
156621573
349
478
156621582
361
472
156621589
368
469
156621597
377
467
156621605
384
464
156621613
392
462
156621620
399
459
156621629
406
457
156621636
420
451
156621651
426
449
156621660
431
448
156621668
438
445
156621676
442
443
156621684
450
441
156621692
457
438
156621700
469
434
156621708
475
432
156621716
485
429
156621724
494
425
156621732
503
423
156621740
509
420
156621748
519
416
156621756
531
410
156621764
540
406
156621772
550
401
156621780
564
397
156621788
576
391
156621796
588
385
156621804
603
380
156621813
615
374
156621820
630
366
156621828
647
359
156621836
659
351
156621844
679
345
156621851
693
338
156621860
706
332
156621868
720
328
156621876
732
324
156621884
744
318
156621892
753
315
156621901
762
311
156621909
772
307
156621917
781
303
156621925
788
300
156621933
797
298
156621941