406
2
157962567
416
8
157962576
425
12
157962584
434
14
157962592
443
17
157962600
452
21
157962607
459
23
157962616
465
24
157962623
470
26
157962632
472
27
157962639
475
28
157962648
478
28
157962663
479
28
157962679
480
28
157962687
486
30
157962696
488
30
157962703
495
33
157962712
501
33
157962720
507
35
157962728
516
36
157962736
522
36
157962744
528
38
157962753
535
38
157962760
541
38
157962768
547
38
157962776
549
38
157962784
556
38
157962793
560
38
157962800
563
38
157962808
565
38
157962817
568
38
157962823
572
38
157962832
575
38
157962839
577
38
157962848
580
38
157962855
586
38
157962864
589
38
157962871
595
38
157962880
599
38
157962886
604
35
157962896
610
35
157962903
613
35
157962912
617
33
157962920
620
33
157962928
621
32
157962936
622
32
157962944
625
31
157962953
626
29
157962961
627
28
157962969
628
27
157962977
631
27
157962985
631
26
157962993
633
25
157963001
635
25
157963009
636
24
157963017
638
22
157963025
641
22
157963033
642
22
157963041
645
21
157963049
646
21
157963056
648
21
157963065
651
18
157963072
654
18
157963081
661
13
157963088
663
10
157963097
668
9
157963104
673
5
157963113
677
2
157963120
680
1
157963129