5
113
157461050
7
110
157461057
10
109
157461065
12
106
157461073
15
105
157461081
18
103
157461089
21
102
157461097
22
101
157461105
26
99
157461113
27
98
157461121
30
97
157461129
33
95
157461137
35
94
157461151
38
93
157461154
41
91
157461163
44
90
157461169
47
88
157461177
49
88
157461185
50
87
157461193
53
87
157461209
55
87
157461225
58
87
157461241
61
87
157461249
63
86
157461258
65
86
157461265
69
86
157461274
73
86
157461281
76
86
157461289
78
86
157461297
81
86
157461305
85
86
157461313
90
86
157461321
94
86
157461329
97
86
157461337
103
86
157461345
107
86
157461353
113
86
157461361
116
86
157461369
120
86
157461377
126
84
157461385
129
84
157461393
132
84
157461401
138
84
157461409
140
84
157461417
143
84
157461425
146
83
157461433
148
83
157461441
150
83
157461449
151
83
157461458
152
83
157461465
154
83
157461474
157
84
157461497
157
86
157461505
160
88
157461513
160
91
157461521
163
95
157461529
163
98
157461537
166
101
157461545
166
104
157461553
167
110
157461561
167
112
157461569
169
115
157461577
169
120
157461585
170
122
157461593
170
125
157461601
170
126
157461609
170
127
157461617
170
130
157461625
170
132
157461633
170
135
157461641
170
139
157461649
169
146
157461658
169
148
157461665
168
153
157461674
166
157
157461681
166
160
157461689
166
161
157461697
165
164
157461705
164
165
157461713
163
166
157461721
162
167
157461729
162
168
157461737
160
170
157461769
159
171
157461785
159
172
157461801
159
173
157461809
158
174
157461817
157
175
157461825
157
176
157461833
156
178
157461842
155
179
157461849
155
180
157461865
153
181
157461875
152
182
157461881
152
183
157461889
151
185
157461905
150
186
157461913
147
188
157461928
146
190
157461944
145
191
157461952
144
192
157461961
141
193
157461969
139
195
157461985
136
195
157461993
133
198
157462001
130
198
157462009
126
199
157462016
123
199
157462025
120
202
157462033
118
202
157462042
115
205
157462049
114
206
157462059
111
209
157462065
110
210
157462073
109
212
157462081
107
214
157462089
106
216
157462097
105
217
157462105
104
220
157462113
102
223
157462122
101
224
157462130
100
226
157462137
97
231
157462145
97
234
157462154
93
240
157462161
92
245
157462169
89
251
157462177
87
263
157462185
85
269
157462193
84
273
157462201
82
276
157462209
82
279
157462220
82
281
157462230
81
284
157462236
81
287
157462243
80
290
157462250
80
294
157462259
78
297
157462266
77
300
157462274
75
302
157462282
74
305
157462290
73
308
157462298
71
311
157462306
68
315
157462314
68
317
157462322
65
319
157462330
65
322
157462338
64
325
157462346
63
326
157462354
63
327
157462362
62
328
157462370
62
329
157462377
62
331
157462386
62
332
157462393
62
333
157462402
62
334
157462409
62
336
157462426
62
338
157462434
62
339
157462442
62
340
157462460
62
341
157462466
62
342
157462481
62
343
157462497
62
345
157462506
62
346
157462521
62
348
157462530
62
350
157462538
63
352
157462553
64
353
157462562
66
354
157462578
66
356
157462594
67
356
157462602
68
357
157462625
69
358
157462642
70
359
157462663
71
360
157462671
76
364
157462682
78
366
157462698
81
367
157462706
82
367
157462722
83
367
157462730
85
368
157462743
86
368
157462754
87
368
157462763
88
368
157462777
89
368
157462786
90
368
157462793
94
368
157462802
97
368
157462817
100
368
157462826
102
368
157462834
105
368
157462843
106
368
157462850
110
367
157462860
111
365
157462867
114
365
157462876
117
364
157462884
119
363
157462890
126
361
157462900
129
360
157462906
133
360
157462914
136
360
157462922
138
360
157462930
141
360
157462938
143
360
157462946
145
358
157462954
149
357
157462962
151
357
157462979
152
356
157462987
155
355
157462995
156
354
157463003
159
352
157463011
160
351
157463019
164
350
157463027
167
347
157463035
171
344
157463044
176
342
157463052
182
339
157463061
187
336
157463068
193
333
157463074
198
330
157463085
203
328
157463094
205
327
157463101
212
325
157463107
214
324
157463119
216
323
157463126
220
321
157463137
222
320
157463144
225
317
157463155
232
312
157463164
237
309
157463171
239
307
157463180
242
305
157463188
249
299
157463197
252
299
157463205
258
296
157463214
261
293
157463222
266
290
157463233
267
290
157463234
272
288
157463249
274
285
157463261
276
283
157463269
278
282
157463276
279
280
157463287
282
278
157463293
283
275
157463304
284
274
157463311
290
270
157463323
294
267
157463334
299
267
157463341
302
264
157463352
306
264
157463359
311
263
157463371
313
260
157463381
317
260
157463389
320
259
157463402
321
257
157463412
325
257
157463421
328
257
157463431
330
256
157463439
333
256
157463449
336
256
157463457
337
256
157463461
339
256
157463476
340
256
157463487
343
256
157463495
349
259
157463506
351
261
157463517
358
264
157463526
361
265
157463538
365
268
157463539
371
271
157463554
373
272
157463566
376
272
157463576
376
273
157463588
376
275
157463599
377
276
157463611
378
277
157463620
380
278
157463641
380
279
157463650
381
280
157463673
381
282
157463683
382
283
157463690
382
284
157463702
383
285
157463710
383
286
157463722
383
289
157463732
383
290
157463745
383
291
157463769
384
292
157463780
384
295
157463795
384
296
157463811
384
298
157463821
384
299
157463832
384
301
157463841
384
302
157463846
384
304
157463861
384
305
157463874
384
306
157463887
384
308
157463898
384
309
157463907
384
311
157463921
384
312
157463929
384
316
157463942
384
319
157463954
384
320
157463966
384
321
157463976
384
323
157463989
384
325
157464000
384
327
157464013
384
328
157464028
384
329
157464038
384
332
157464050
384
333
157464063
384
334
157464072
384
335
157464081
384
337
157464095
384
340
157464109
384
343
157464122
384
345
157464136
384
346
157464145
384
348
157464159
384
349
157464173
384
350
157464187
384
352
157464199
384
353
157464210
384
355
157464215
383
359
157464232
381
363
157464247
380
365
157464261
379
366
157464275
378
368
157464280
374
370
157464297
367
376
157464311
364
380
157464326
362
383
157464340
362
385
157464370
362
387
157464393
362
389
157464405
360
392
157464418
360
393
157464433
360
396
157464443
360
397
157464461
360
398
157464471
360
399
157464484
360
400
157464494
360
403
157464510
360
405
157464525
360
407
157464539
360
409
157464556
360
410
157464568
360
411
157464593
362
412
157464608
363
413
157464625
364
414
157464641
364
416
157464657
365
417
157464675
366
417
157464697
366
418
157464713
367
419
157464722
369
419
157464745
370
421
157464764
371
421
157464785
371
423
157464799
372
424
157464817
373
425
157464831
376
428
157464847
378
428
157464858
381
428
157464874
382
429
157464891
383
429
157464906
384
429
157464907
385
429
157464932
387
429
157464947
389
429
157464966
391
429
157464984
395
428
157465007
400
427
157465021
407
427
157465039
414
427
157465057
415
427
157465071
416
427
157465086
416
426
157465111
417
424
157465128
418
423
157465149
419
421
157465172
419
419
157465193
421
418
157465210
422
417
157465217
424
415
157465246
425
414
157465264
429
413
157465279
438
411
157465298
450
411
157465314
456
411
157465319
467
411
157465337
476
412
157465354
478
412
157465361
484
413
157465387
487
416
157465409
498
421
157465423
509
425
157465440
515
428
157465457
519
432
157465475
519
434
157465491
519
435
157465492
519
437
157465517
519
440
157465534
517
442
157465551
513
444
157465570
512
446
157465578
506
455
157465602
503
458
157465609
496
469
157465638
490
479
157465660
489
481
157465676
486
485
157465695
481
490
157465715
477
495
157465733
471
500
157465751
466
505
157465770
466
506
157465789
465
507
157465806
464
508
157465824
461
512
157465841
458
513
157465847
449
523
157465876
446
529
157465892
442
534
157465911
439
542
157465929
437
544
157465936
436
556
157465965
436
559
157465983
435
562
157466000
435
564
157466008
435
568
157466038
435
570
157466056
435
572
157466079
436
575
157466094
437
576
157466112
437
578
157466119
440
583
157466141
444
589
157466159
453
596
157466182
457
599
157466197
462
602
157466216
468
606
157466234
469
606
157466241
471
608
157466270
473
609
157466294
475
611
157466309
480
611
157466327
486
613
157466345
492
615
157466365
498
615
157466384
503
614
157466403
509
614
157466411
516
611
157466423
533
610
157466452
536
608
157466458
544
607
157466472
548
604
157466499
550
604
157466522
551
604
157466524
559
604
157466554
565
603
157466562
586
603
157466592
597
603
157466612
600
603
157466632
603
603
157466656
605
603
157466675
606
603
157466690
609
603
157466698
613
604
157466712
625
609
157466742
631
611
157466761
634
613
157466781
636
614
157466811
638
615
157466835
639
616
157466852
642
620
157466872
644
625
157466892
645
626
157466908
648
629
157466909
657
639
157466938
660
644
157466945
666
651
157466978
669
657
157466985
671
660
157466999
675
670
157467029
678
672
157467048
680
676
157467068
680
677
157467094
683
679
157467114
686
683
157467132
689
687
157467158
690
688
157467174
692
692
157467195
694
693
157467216
697
697
157467237
699
699
157467258
701
700
157467278
704
704
157467300
704
706
157467320
708
710
157467343
710
712
157467365
711
713
157467386
713
715
157467406
715
716
157467433
716
719
157467450
724
720
157467470
729
720
157467490
730
720
157467498
732
720
157467514
734
720
157467535
735
720
157467571
736
720
157467589
737
720
157467608
739
720
157467626
741
720
157467652
743
720
157467674
744
720
157467688
745
720
157467708
746
720
157467725
749
721
157467747
751
722
157467756
756
725
157467781
758
727
157467807
761
728
157467825
766
732
157467847
771
734
157467881
777
737
157467903
781
739
157467925
783
741
157467947
785
742
157467955
787
743
157467990
789
745
157468017
791
746
157468042
792
748
157468044
796
750
157468071
797
750
157468094