199
3
256451873
200
8
256451881
203
13
256451889
206
19
256451897
209
24
256451905
211
30
256451913
213
34
256451921
214
37
256451929
215
44
256451937
219
48
256451945
219
51
256451953
222
57
256451961
227
64
256451970
227
67
256451977
229
70
256451986
230
76
256451993
232
79
256452001
233
83
256452009
236
90
256452017
238
94
256452025
241
103
256452033
243
106
256452041
244
109
256452049
247
113
256452057
250
120
256452065
252
123
256452073
253
125
256452081
256
132
256452089
259
135
256452097
261
139
256452105
262
144
256452113
262
148
256452122
264
154
256452129
265
159
256452137
267
163
256452145
267
168
256452153
267
170
256452161
268
175
256452170
270
178
256452177
270
180
256452185
270
183
256452193
270
186
256452201
270
192
256452209
271
198
256452217
271
202
256452225
271
205
256452233
273
208
256452241
274
211
256452249
274
215
256452257
277
218
256452265
280
223
256452273
280
227
256452281
283
231
256452289
283
236
256452297
284
236
256452305
284
238
256452313
286
240
256452321
286
241
256452329
287
243
256452337
288
244
256452345
288
246
256452353
288
247
256452361
289
248
256452377
289
249
256452385
289
252
256452393
291
254
256452401
291
257
256452410
292
258
256452418
293
261
256452425
293
263
256452433
293
266
256452441
294
269
256452449
296
272
256452457
297
274
256452465
298
275
256452473
301
278
256452481
306
285
256452489
306
287
256452497
308
292
256452505
308
295
256452514
309
301
256452521
309
305
256452530
312
312
256452538
312
316
256452546
312
321
256452554
316
327
256452562
319
334
256452574
321
343
256452578
322
349
256452587
324
355
256452594
324
358
256452602
325
362
256452610
327
365
256452619
327
368
256452626
327
369
256452634
327
372
256452642
327
376
256452650
328
379
256452658
330
383
256452666
330
386
256452674
330
388
256452682
331
391
256452690
331
394
256452698
331
395
256452707
331
398
256452714
333
404
256452722
333
408
256452730
336
415
256452738
342
427
256452747
345
434
256452754
347
436
256452762
347
439
256452770
347
440
256452778
348
441
256452787
348
442
256452794
349
445
256452810
349
448
256452826
349
449
256452834
349
450
256452842
349
452
256452850
351
455
256452858
351
458
256452866
352
466
256452874
356
473
256452882
356
476
256452890
359
479
256452898
359
481
256452906
359
482
256452915
360
485
256452922
361
489
256452930
361
494
256452938
363
497
256452949
364
503
256452958
370
515
256452964
374
524
256452971
376
533
256452979
379
540
256452988
379
546
256452994
381
552
256453002
382
559
256453011
384
563
256453018
385
568
256453026
387
574
256453034
387
576
256453042
388
578
256453050
388
580
256453058
390
585
256453073
390
586
256453081
390
587
256453089
390
589
256453098
390
594
256453105
391
598
256453114
393
601
256453121
393
602
256453130
394
605
256453138
394
607
256453146
395
610
256453155
398
613
256453164
403
622
256453171
407
629
256453179
408
632
256453186
408
634
256453201
408
637
256453210
410
640
256453218
411
642
256453225
411
645
256453234
413
650
256453241
414
652
256453250
419
659
256453257
421
665
256453266
424
670
256453273
424
671
256453282
425
674
256453289
426
678
256453298
426
681
256453305
428
684
256453314
429
685
256453321
429
687
256453330
432
690
256453338
432
695
256453346
435
699
256453355
436
704
256453362
438
706
256453372
439
709
256453378
439
712
256453388
439
718
256453394
440
719
256453402
442
725
256453411
443
731
256453418
443
734
256453426
445
736
256453434
445
743
256453442
446
749
256453450
448
755
256453457
448
761
256453466
450
768
256453473
451
774
256453482
453
785
256453489
453
788
256453498
455
792
256453506
455
797
256453514
456
801
256453522
457
804
256453530
457
805
256453538
457
806
256453546
457
808
256453555
459
810
256453572
460
813
256453580
460
816
256453588
462
820
256453596
463
826
256453603
465
833
256453613
466
837
256453619
468
840
256453629
469
845
256453635
470
846
256453645
470
848
256453651
472
851
256453661
472
852
256453667
473
855
256453675
474
859
256453683
476
862
256453691
479
869
256453699
485
878
256453709
489
887
256453717
492
897
256453725
493
898
256453733
495
902
256453743
495
903
256453751
496
907
256453761
724
1
263474126
724
2
263474134
724
4
263474144
727
9
263474152
728
12
263474166
730
13
263474176
731
14
263474183
731
15
263474192
733
18
263474199
733
19
263474208
735
20
263474214
737
23
263474224
740
26
263474230
741
27
263474240
741
28
263474246
742
29
263474256
744
30
263474263
744
31
263474272
745
33
263474280
746
34
263474288
746
35
263474295
747
36
263474304
748
37
263474312
748
38
263474320
749
40
263474328
749
41
263474336
751
42
263474344
752
43
263474374
753
44
263474390
753
44
263480224