512
1
157997756
514
1
157997765
516
2
157997772
517
3
157997781
519
4
157997788
520
5
157997797
522
5
157997805
523
7
157997813
525
8
157997822
527
9
157997829
529
10
157997837
530
10
157997845
531
10
157997853
534
12
157997861
535
13
157997869
538
14
157997877
539
14
157997885
541
15
157997892
543
15
157997901
544
16
157997916
546
18
157997940
548
18
157997956
549
18
157997965
551
19
157997973
556
21
157997981
560
21
157997988
565
22
157997997
569
24
157998005
572
25
157998013
575
25
157998022
577
25
157998029
580
26
157998038
583
26
157998060
585
26
157998084
588
26
157998092
589
26
157998101
591
26
157998108
594
26
157998118
600
26
157998125
603
26
157998134
609
26
157998141
614
24
157998150
620
23
157998157
626
21
157998166
632
21
157998173
635
21
157998182
638
21
157998189
640
20
157998198
642
19
157998206
644
17
157998214
646
13
157998223
647
10
157998230
650
9
157998239
653
6
157998246
656
3
157998256
657
0
157998262