 
Textarea editor mode
JS Bin features
Getting started
Keyboard Shortcuts
Exporting/importing gist
 
Pro features
Private bins
Dropbox backup
Vanity URLs
Upgrade to pro now
 
Blog
Live reloading CSS
Help
Dropbox integration
Session Secrets
 
Donate to JS Bin ❤
Support JS Bin to keep the project open source & MIT for all
Follow @js_bin on twitter
By using JS Bin you agree to our legal terms
 
“Everyone should learn how to program a computer because it teaches you how to think” —
Steve Jobs
File Add library Share HTMLCSSJavaScriptConsoleOutput  Account Blog Help
Console Clear
5
322
157352026
6
322
157352033
9
322
157352041
10
322
157352049
14
323
157352057
17
323
157352065
23
325
157352073
27
325
157352081
32
326
157352089
36
328
157352097
41
328
157352105
47
328
157352113
50
329
157352121
54
329
157352129
58
330
157352137
61
330
157352145
64
330
157352250
66
330
157352282
67
330
157352306
69
330
157352322
71
330
157352339
72
330
157352349
73
330
157352357
75
330
157352362
76
330
157352370
77
330
157352378
79
330
157352386
82
330
157352395
85
330
157352403
86
330
157352410
87
330
157352418
88
330
157352426
89
330
157352442
90
330
157352450
92
330
157352466
93
330
157352474
94
330
157352490
95
330
157352506
98
330
157352522
99
330
157352530
101
330
157352538
104
331
157352546
108
331
157352554
115
332
157352562
117
334
157352570
120
334
157352578
125
335
157352586
126
335
157352594
127
335
157352602
128
336
157352610
129
336
157352620
130
336
157352626
132
338
157352666
132
339
157352674
133
341
157352698
133
342
157352706
133
345
157352714
133
348
157352722
133
350
157352730
133
351
157352738
133
352
157352746
133
355
157352754
133
356
157352762
133
359
157352770
133
361
157352779
132
364
157352787
132
367
157352795
132
369
157352803
132
374
157352810
132
378
157352818
132
382
157352826
132
385
157352834
132
389
157352842
132
391
157352850
132
393
157352858
132
394
157352866
132
397
157352874
133
399
157352882
133
402
157352890
133
405
157352898
133
407
157352906
133
408
157352914
133
411
157352922
133
414
157352930
133
415
157352938
133
417
157352946
133
420
157352954
132
424
157352962
132
425
157352970
132
428
157352979
129
431
157352987
129
433
157352995
126
438
157353003
125
441
157353010
123
445
157353018
122
452
157353033
120
456
157353041
119
461
157353049
119
463
157353057
116
468
157353065
114
472
157353073
111
477
157353082
110
480
157353089
108
483
157353098
107
485
157353105
107
488
157353114
106
491
157353121
104
494
157353130
104
495
157353137
104
497
157353146
104
498
157353153
104
500
157353162
103
501
157353170
103
502
157353178
103
503
157353186
103
504
157353193
103
505
157353202
103
507
157353209
103
508
157353217
104
509
157353225
104
510
157353234
107
513
157353241
107
515
157353251
107
530
157353258
106
557
157353266
102
572
157353273
102
573
157353290
102
575
157353298
102
577
157353314
102
578
157353321
103
578
157353474
104
578
157353549
105
578
157353578
107
578
157353594
108
578
157353604
109
578
157353611
110
578
157353619
111
578
157353626
112
578
157353635
114
578
157353643
115
578
157353651
116
578
157353666
117
578
157353674
118
578
157353683
119
578
157353698
120
578
157353702
123
577
157353710
126
577
157353722
128
577
157353731
131
577
157353738
132
577
157353747
133
577
157353754
134
577
157353763
136
577
157353771
137
577
157353794
138
576
157353810
140
576
157353826
143
576
157353835
146
576
157353843
150
576
157353851
154
576
157353858
159
576
157353867
161
576
157353874
164
576
157353883
167
576
157353890
168
576
157353899
170
576
157353906
173
576
157353915
174
575
157353930
175
575
157353938
178
575
157353947
179
575
157353954
181
575
157353963
186
575
157353971
190
575
157353979
193
575
157353988
195
575
157353995
198
575
157354005
199
575
157354011
200
575
157354019
203
575
157354035
204
575
157354050
206
575
157354066
209
575
157354082
212
575
157354090
214
575
157354099
215
575
157354106
219
575
157354115
224
575
157354122
226
575
157354131
229
575
157354139
232
575
157354147
236
575
157354155
239
575
157354163
240
575
157354172
242
575
157354179
243
575
157354188
245
575
157354195
246
575
157354210
247
575
157354219
248
575
157354235
249
575
157354245
252
577
157354251
254
577
157354259
257
577
157354267
260
577
157354275
264
578
157354283
267
578
157354291
273
580
157354299
279
581
157354313
284
581
157354322
286
581
157354330
289
581
157354338
292
581
157354347
294
581
157354355
299
581
157354363
303
581
157354372
306
583
157354379
308
583
157354389
313
583
157354397
319
583
157354405
322
583
157354413
324
583
157354419
327
583
157354429
331
583
157354435
334
583
157354447
336
583
157354454
343
583
157354465
347
583
157354471
355
583
157354481
361
582
157354487
370
582
157354498
376
582
157354499
382
582
157354512
390
582
157354520
401
582
157354531
407
582
157354540
410
582
157354548
414
582
157354558
417
582
157354566
419
582
157354576
422
582
157354584
424
582
157354594
427
582
157354605
429
582
157354613
432
582
157354619
435
581
157354630
441
581
157354637
445
581
157354648
448
581
157354655
456
581
157354667
463
581
157354677
467
581
157354686
470
581
157354697
472
579
157354704
481
579
157354716
484
579
157354726
486
579
157354735
491
579
157354747
492
579
157354757
494
578
157354765
497
577
157354775
500
577
157354784
505
577
157354796
508
577
157354807
512
577
157354815
517
575
157354822
521
575
157354834
525
575
157354835
536
574
157354853
540
574
157354865
547
574
157354873
554
574
157354885
556
574
157354898
559
574
157354898
561
574
157354914
562
574
157354927
563
574
157354936
566
574
157354948
567
572
157354959
568
572
157354968
572
572
157354980
576
572
157354991
580
572
157355000
585
572
157355020
587
572
157355030
589
572
157355037
592
572
157355050
595
573
157355050
602
574
157355067
604
574
157355079
610
574
157355088
619
574
157355102
626
576
157355115
629
576
157355126
633
577
157355136
640
577
157355149
642
577
157355162
643
577
157355163
648
577
157355181
651
579
157355195
653
579
157355214
654
579
157355226
656
579
157355242
657
579
157355251
659
580
157355265
662
580
157355273
671
580
157355287
680
581
157355301
681
581
157355313
685
583
157355323
687
583
157355328
693
583
157355345
695
583
157355358
696
583
157355372
699
583
157355386
700
583
157355400
705
582
157355412
708
582
157355425
710
582
157355435
715
582
157355436
720
582
157355456
722
582
157355469
725
582
157355483
728
582
157355495
731
581
157355505
735
581
157355520
740
578
157355533
743
578
157355546
746
578
157355560
748
578
157355571
748
577
157355576
750
576
157355618
750
575
157355650
751
574
157355674
752
574
157355685
753
572
157355699
754
571
157355712
755
570
157355746
755
569
157355794
755
568
157355834
755
567
157355890
755
565
157355971
755
564
157356010
755
563
157356034
755
562
157356345
755
561
157356358
755
560
157356482
754
558
157356586
754
556
157356650
753
555
157356747
752
554
157356770
752
552
157356782
749
549
157356796
749
545
157356811
746
542
157356822
746
537
157356837
743
529
157356852
743
526
157356868
742
524
157356883
741
520
157356884
738
515
157356905
738
512
157356916
737
510
157356917
734
504
157356938
732
501
157356948
732
500
157356949
730
498
157356970
730
496
157356981
730
495
157356994
729
493
157357009
727
490
157357021
727
486
157357038
726
482
157357055
725
480
157357070
725
478
157357086
724
475
157357102
723
473
157357118
721
468
157357134
720
462
157357148
718
453
157357164
717
448
157357180
715
439
157357196
715
433
157357211
715
423
157357213
714
402
157357236
712
400
157357248
711
397
157357258
711
396
157357264
711
393
157357283
711
391
157357289
711
381
157357308
711
380
157357324
711
379
157357340
711
376
157357358
713
372
157357379
714
370
157357396
716
366
157357413
718
365
157357425
720
365
157357441
724
364
157357458
725
363
157357464
727
362
157357484
730
360
157357490
732
359
157357509
733
358
157357570
736
358
157357585
736
357
157357597
737
356
157357618
737
354
157357643
737
353
157357659
738
353
157357675
739
352
157357692
739
351
157357722
739
350
157357770
739
349
157357794
739
347
157357826
739
346
157357915
739
345
157357963
739
344
157358003
739
343
157358067
737
342
157358099
735
342
157358116
734
339
157358132
733
339
157358149
732
339
157358166
731
338
157358186
730
338
157358218
728
338
157358251
727
337
157358283
726
336
157358331
725
336
157358357
724
335
157358379
723
335
157358395
721
333
157358435
721
328
157358446
721
324
157358457
721
321
157358475
721
320
157358481
721
315
157358502
721
314
157358520
721
311
157358538
721
309
157358545
720
305
157358574
720
302
157358597
720
300
157358612
720
299
157358624
720
298
157358643
720
297
157358650
720
295
157358662
719
286
157358691
719
284
157358697
719
268
157358727
719
265
157358746
719
264
157358753
719
262
157358783
719
258
157358802
719
256
157358809
719
248
157358838
719
246
157358859
719
244
157358866
719
239
157358899
720
231
157358906
722
224
157358938
722
223
157358945
722
218
157358976
722
215
157358995
722
213
157359015
722
211
157359036
722
208
157359057
722
206
157359076
722
203
157359095
722
201
157359114
723
198
157359134
724
191
157359154
726
189
157359174
726
185
157359181
728
180
157359210
731
176
157359224
733
171
157359243
734
170
157359250
737
163
157359265
740
157
157359295
743
152
157359314
745
148
157359334
746
145
157359354
747
144
157359377
747
143
157359395
747
142
157359467
749
142
157359485
749
141
157359501
749
139
157359519
750
138
157359536
751
137
157359563
751
136
157359619
752
135
157359636
753
134
157359662
753
131
157359891
753
130
157359909
753
129
157359939
753
128
157360003
752
126
157360156
751
126
157360228
748
125
157360260
747
124
157360308
746
123
157360330
745
122
157360344
742
119
157360365
741
118
157360395
740
117
157360414
739
117
157360435
736
114
157360451
732
113
157360472
730
112
157360489
725
109
157360509
721
107
157360531
715
104
157360552
708
100
157360573
706
99
157360594
700
95
157360615
695
93
157360637
694
92
157360664
691
90
157360682
689
88
157360697
685
86
157360718
681
83
157360739
679
81
157360748
673
77
157360783
672
77
157360812
671
76
157360831
669
75
157360859
668
75
157360873
666
72
157360894
665
72
157360915
665
71
157360923
663
71
157360959
662
70
157360985
661
70
157361006
660
69
157361024
659
68
157361046
658
66
157361082
656
65
157361114
655
65
157361139
654
64
157361170
653
64
157361211
652
63
157361236
651
63
157361267
649
63
157361288
647
63
157361307
645
63
157361315
637
66
157361331
627
74
157361351
610
83
157361383
605
87
157361402
594
97
157361424
581
108
157361446
570
119
157361469
568
122
157361493
564
126
157361515
562
128
157361537
560
138
157361560
558
145
157361583
554
154
157361605
551
159
157361627
549
165
157361636
546
173
157361673
543
179
157361696
541
185
157361719
537
190
157361743
532
195
157361767
526
200
157361790
523
203
157361812
520
205
157361821
511
209
157361858
504
210
157361881
495
212
157361904
481
213
157361927
465
213
157361951
448
213
157361974
432
213
157361997
423
213
157362020
414
213
157362029
410
213
157362074
409
213
157362131
407
213
157362150
403
213
157362171
402
213
157362174
395
213
157362212
392
213
157362221
380
213
157362260
378
213
157362269
372
213
157362296
359
213
157362320
347
210
157362343
338
208
157362367
332
208
157362391
329
207
157362415
322
206
157362439
318
205
157362463
310
199
157362488
300
194
157362516
294
189
157362526
284
179
157362563
282
178
157362566
272
166
157362609
270
161
157362633
268
154
157362658
267
150
157362683
266
142
157362692
261
130
157362730
260
122
157362750
259
115
157362773
257
109
157362794
254
103
157362804
253
96
157362844
252
90
157362853
249
81
157362889
248
75
157362914
247
67
157362934
247
60
157362960
245
53
157362984
245
48
157363009
244
46
157363035
244
44
157363044
244
37
157363085
244
33
157363110
243
31
157363145
243
28
157363163
243
26
157363188
242
24
157363198
241
20
157363238
239
19
157363270
239
18
157363287
239
14
157363310
236
8
157363338
236
7
157363356
236
6
157363365
236
4
157363402
235
3
157363427
235
0
157363453
229
0
157363932
229
2
157363956
229
3
157363958
229
6
157363998
228
9
157364026
228
14
157364048
227
20
157364074
227
32
157364100
227
37
157364110
227
52
157364153
227
58
157364179
227
62
157364189
227
74
157364233
227
77
157364259
227
81
157364269
229
89
157364301
230
94
157364311
230
104
157364355
231
110
157364366
233
121
157364409
234
127
157364435
236
132
157364445
238
144
157364488
238
152
157364515
240
157
157364526
241
169
157364569
242
177
157364596
245
184
157364606
247
197
157364651
248
201
157364661
249
210
157364705
251
215
157364732
253
218
157364742
255
223
157364774
256
225
157364784
258
229
157364827
259
230
157364854
261
231
157364880
263
234
157364908
265
235
157364919
269
237
157364962
271
238
157364990
273
238
157365000
285
238
157365045
291
238
157365055
303
237
157365101
305
236
157365111
307
234
157365152
308
233
157365181
310
233
157365208
313
231
157365232
321
227
157365260
331
221
157365295
333
220
157365313
340
218
157365341
344
216
157365351
352
211
157365392
356
206
157365415
360
198
157365450
362
194
157365470
364
191
157365481
369
182
157365528
370
181
157365563
371
180
157365592
372
179
157365643
372
182
157365948
372
190
157365975
370
198
157365999
369
204
157366028
368
208
157366039
367
214
157366085
365
219
157366113
361
228
157366142
359
233
157366172
356
237
157366183
350
249
157366225
347
252
157366245
345
256
157366256
339
266
157366302
335
271
157366330
329
275
157366360
320
279
157366389
300
282
157366417
284
285
157366446
270
289
157366475
259
294
157366486
241
302
157366521
228
305
157366550
224
305
157366580
221
305
157366592
211
306
157366627
204
308
157366638
179
308
157366686
169
308
157366715
161
308
157366726
140
312
157366775
121
315
157366804
110
317
157366815
84
321
157366859
80
321
157366862
56
326
157366896
44
329
157366926
38
330
157366956
36
330
157366967
23
333
157367016
13
333
157367046
6
333
157367057