5
324
157100648
6
324
157100655
9
324
157100663
10
325
157100671
11
325
157100679
13
325
157100687
15
325
157100695
19
325
157100703
21
325
157100711
24
325
157100719
27
327
157100727
29
327
157100735
32
327
157100752
34
327
157100775
37
327
157100791
40
328
157100807
41
328
157100815
44
328
157100823
45
328
157100831
46
329
157100839
48
329
157100847
49
329
157100855
51
329
157100863
52
330
157100871
53
330
157100879
54
330
157100894
55
330
157100910
56
332
157100919
58
332
157100926
59
332
157100935
61
332
157100942
64
333
157100950
67
333
157100958
71
335
157100966
74
335
157100974
76
335
157100982
79
336
157100990
82
336
157100998
83
336
157101006
87
337
157101014
90
339
157101022
92
339
157101038
95
339
157101046
96
340
157101062
97
340
157101078
99
341
157101086
100
342
157101118
101
343
157101126
102
346
157101135
104
349
157101150
105
352
157101158
106
353
157101166
107
355
157101174
109
356
157101182
109
358
157101190
110
360
157101198
110
361
157101206
111
364
157101214
111
365
157101222
112
369
157101230
114
372
157101246
115
375
157101258
115
377
157101262
115
378
157101272
115
380
157101278
115
382
157101286
115
383
157101294
115
384
157101302
115
386
157101310
116
387
157101326
116
388
157101350
116
389
157101366
116
390
157101398
116
391
157101406
116
393
157101414
116
394
157101422
116
396
157101430
116
397
157101439
116
400
157101446
116
401
157101455
116
403
157101463
116
406
157101471
118
407
157101479
118
410
157101487
119
413
157101495
119
414
157101503
119
415
157101511
119
416
157101519
120
417
157101527
120
418
157101535
120
419
157101543
120
421
157101552
120
422
157101559
120
423
157101568
120
425
157101575
120
428
157101583
120
431
157101591
118
434
157101599
118
438
157101607
118
441
157101615
117
443
157101623
115
450
157101631
115
452
157101639
115
457
157101647
115
461
157101655
116
467
157101663
116
472
157101671
116
474
157101679
116
477
157101687
116
483
157101695
116
486
157101703
116
487
157101711
116
489
157101719
117
492
157101727
117
495
157101736
117
497
157101743
117
499
157101752
117
501
157101759
117
504
157101767
117
506
157101775
117
509
157101783
117
512
157101791
117
514
157101799
117
520
157101807
117
521
157101815
117
525
157101823
119
528
157101831
119
533
157101839
120
534
157101847
120
536
157101855
122
543
157101864
123
545
157101874
123
548
157101882
123
551
157101888
123
552
157101895
123
554
157101903
123
557
157101919
123
559
157101927
123
562
157101935
123
565
157101944
123
569
157101953
124
572
157101960
124
574
157101969
126
579
157101975
126
582
157101983
126
584
157101991
126
587
157101999
127
590
157102007
129
592
157102015
129
595
157102023
130
596
157102031
131
597
157102039
131
599
157102047
132
601
157102060
133
602
157102072
135
603
157102095
136
605
157102127
136
606
157102159
138
606
157102183
143
609
157102207
146
610
157102222
147
610
157102230
149
612
157102238
152
612
157102246
153
612
157102254
154
612
157102262
157
613
157102270
158
613
157102294
159
613
157102302
160
613
157102319
161
613
157102336
163
611
157102358
165
611
157102367
166
611
157102376
167
611
157103355
332
598
157103355
333
597
157103370
335
597
157103378
336
596
157103388
337
596
157103396
339
595
157103403
342
593
157103415
345
592
157103416
349
592
157103433
351
592
157103445
352
592
157103452
354
591
157103463
355
591
157103473
356
591
157103495
357
590
157103505
360
590
157103513
361
590
157103526
362
590
157103537
364
590
157103553
364
589
157103570
366
589
157103579
367
589
157103589
368
589
157103597
370
589
157103598
372
589
157103613
373
589
157103622
377
589
157103633
379
587
157103642
382
587
157103650
383
586
157103671
384
586
157103680
386
586
157103690
387
585
157103719
388
584
157103729
389
582
157103743
390
582
157103754
391
581
157103764
393
580
157103775
394
580
157103784
395
579
157103797
396
579
157103805
397
578
157103818
398
577
157103831
400
575
157103832
402
573
157103851
404
569
157103864
404
568
157103876
405
567
157103885
407
565
157103899
408
564
157103912
408
561
157103924
408
560
157103937
409
557
157103947
409
556
157103958
411
554
157103970
411
553
157103983
411
552
157103988
414
549
157104004
414
547
157104019
415
546
157104032
416
545
157104045
416
542
157104053
417
542
157104067
419
540
157104080
419
538
157104095
420
537
157104107
421
536
157104117
421
535
157104131
422
535
157104143
423
534
157104145
423
533
157104165
424
533
157104174
426
531
157104182
427
530
157104196
428
529
157104204
430
527
157104218
432
524
157104233
434
524
157104246
434
523
157104263
435
522
157104276
436
521
157104291
436
520
157104300
437
517
157104314
438
515
157104327
450
392
157105992
450
391
157106009
451
391
157106026
453
390
157106048
453
389
157106088
454
388
157106120
454
387
157106144
455
385
157106160
455
384
157106177
456
384
157106195
456
383
157106213
457
382
157106231
458
381
157106256
460
380
157106287
461
378
157106311
462
377
157106327
463
376
157106345
465
376
157106363
471
373
157106381
473
371
157106395
477
370
157106413
481
368
157106431
483
366
157106433
487
364
157106463
488
364
157106469
493
358
157106499
496
355
157106517
497
351
157106535
498
350
157106542
502
342
157106573
503
337
157106592
506
336
157106598
508
329
157106636
508
328
157106659
509
328
157106767
509
326
157106799
511
325
157106824
512
323
157106848
512
322
157106863
513
321
157106880
514
320
157106904
514
319
157106928
515
318
157106945
515
316
157107104
516
315
157107128
518
315
157107146
519
314
157107164
521
313
157107264
525
313
157107281
526
312
157107298
527
311
157107316
529
311
157107335
529
309
157107360
530
309
157107376
531
308
157107401
532
307
157107422
532
306
157107437
533
305
157107449
533
304
157107469
533
301
157107494
533
297
157107510
533
296
157107517
533
291
157107541
533
287
157107565
533
285
157107582
533
283
157107602
533
280
157107622
533
279
157107648
533
278
157107687
533
277
157107704
533
275
157107725
533
271
157107745
533
269
157107770
533
266
157107789
533
264
157107807
533
262
157107815
533
259
157107846
533
258
157107864
533
257
157107871
533
255
157107901
533
253
157107922
534
253
157107942
534
251
157107964
535
250
157107992
755
113
157110120
754
110
157110141
751
106
157110165
750
104
157110195
749
103
157110221
749
101
157110237
746
98
157110261
743
94
157110293
742
93
157110316
739
90
157110333
735
88
157110358
730
84
157110382
728
83
157110406
725
82
157110430
723
81
157110460
722
80
157110486
721
80
157110510
720
80
157110534
718
78
157110558
716
78
157110581
714
77
157110605
713
77
157110648
711
77
157110688
710
77
157110714
709
76
157110731
705
76
157110740
694
75
157110776
690
73
157110797
685
73
157110822
683
73
157110847
680
73
157110871
679
73
157110896
678
73
157110905
677
73
157110945
676
73
157110954
671
73
157110996
667
73
157111021
664
73
157111047
659
73
157111072
655
73
157111098
652
73
157111123
646
75
157111149
636
76
157111174
628
79
157111199
618
82
157111223
610
83
157111233
589
86
157111274
583
88
157111300
571
89
157111326
568
90
157111351
565
90
157111361
556
90
157111402
550
90
157111436
537
90
157111462
524
90
157111484
516
90
157111510
511
90
157111537
509
90
157111547
508
90
157111590
505
90
157111616
502
90
157111626
492
89
157111668
487
89
157111695
477
88
157111721
471
88
157111731
461
88
157111763
453
86
157111788
448
86
157111822
442
85
157111844
437
84
157111878
436
84
157111896
433
82
157111906
427
81
157111944
424
80
157111967
420
80
157111994
419
79
157112020
418
79
157112054
417
79
157112072
414
79
157112082
408
77
157112120
403
77
157112143
400
77
157112171
398
76
157112197
395
75
157112232
212
82
157115746
209
86
157115758
208
90
157115795
207
95
157115827
207
96
157115838
206
99
157115887
205
101
157115917
205
104
157115956
204
106
157115986
202
107
157116012
202
108
157116050
201
108
157116185
200
108
157116224
198
108
157116258
197
108
157116278
192
108
157116308
189
108
157116347
186
108
157116378
185
108
157116409
184
108
157116415
181
109
157116451
178
109
157116482
176
109
157116493
172
109
157116540
171
109
157116642
170
109
157116690
168
109
157116722
165
109
157116744
163
109
157116775
162
109
157116806
161
109
157116845
160
109
157116876
158
109
157116902
157
109
157116977
155
109
157117011
153
111
157117034
151
111
157117046
149
112
157117096
148
113
157117201
148
114
157117233
147
116
157117255
146
119
157117288
144
121
157117300
144
122
157117338
143
125
157117379
142
128
157117410
141
129
157117442
140
132
157117464
139
135
157117496
136
141
157117529
136
143
157117541
134
151
157117579
134
154
157117595
131
160
157117647
131
165
157117669
130
174
157117701
129
180
157117733
129
186
157117767
125
196
157117800
125
205
157117832
125
212
157117864
122
224
157117897
121
228
157117910
118
240
157117948
115
247
157117961
112
257
157117984
110
268
157118035
108
271
157118048
104
283
157118086
100
291
157118119
99
293
157118153
99
297
157118185
99
299
157118198
94
309
157118249
93
312
157118253
87
317
157118291
83
319
157118304
67
326
157118343
56
329
157118376
49
332
157118417
48
332
157118450
44
333
157118483
39
333
157118496
19
335
157118535