102
2
321711637
103
3
321711652
104
4
321711661
104
6
321711668
105
7
321711709
107
8
321711732
108
9
321711740
108
10
321711748
109
11
321711757
110
13
321711765
111
15
321711773
113
18
321711781
114
19
321711790
117
22
321711796
118
24
321711805
121
27
321711813
124
30
321711820
125
33
321711830
127
36
321711837
130
41
321711846
131
43
321711853
132
46
321711861
134
49
321711870
135
52
321711878
137
55
321711886
138
57
321711894
139
58
321711902
139
61
321711910
141
64
321711919
142
67
321711925
143
69
321711933
143
69
321711937
145
72
321711941
148
77
321711949
149
80
321711958
149
81
321711966
151
85
321711974
152
87
321711982
152
90
321711990
155
93
321711998
155
96
321712006
158
102
321712013
159
103
321712021
159
106
321712030
161
109
321712037
162
111
321712046
164
114
321712054
164
117
321712062
165
118
321712070
166
121
321712078
167
122
321712093
167
123
321712109
168
125
321712133
170
127
321712150
170
128
321712158
171
130
321712166
171
132
321712182
172
133
321712190
172
134
321712198
175
136
321712206
175
138
321712214
176
140
321712221
177
141
321712230
178
145
321712245
178
147
321712253
181
149
321712262
181
150
321712269
182
153
321712278
184
156
321712286
185
158
321712294
187
163
321712303
188
164
321712310
189
167
321712317
190
168
321712326
191
169
321712333
191
170
321712342
191
171
321712350
193
173
321712358
193
174
321712373
194
176
321712383
194
177
321712390
194
180
321712398
195
183
321712414
197
186
321712421
200
190
321712438
200
191
321712446
201
192
321712453
201
195
321712462
201
196
321712470
202
197
321712478
202
198
321712486
202
200
321712494
203
201
321712501
203
203
321712518
205
206
321712534
206
209
321712551
206
210
321712558
207
213
321712567
207
214
321712574
207
215
321712582
209
216
321712590
209
217
321712598
210
220
321712622
210
222
321712646
210
225
321712662
211
226
321712671
212
230
321712678
212
231
321712694
213
232
321712702
215
235
321712710
215
236
321712718
216
237
321712726
217
239
321712734
217
240
321712758
218
241
321712767
218
242
321712774
219
243
321712782
219
244
321712790
221
247
321712806
221
248
321712814
221
249
321712823
222
250
321712830
222
252
321712839
222
256
321712847
222
260
321712856
223
264
321712863
225
266
321712894
225
267
321712902
225
268
321712910
226
269
321712926
226
270
321712942
226
271
321712960
227
273
321712970
227
274
321712976
228
275
321712984
228
276
321712990
228
277
321712998
229
280
321713006
229
281
321713030
229
282
321713046
230
283
321713078
230
284
321713086
230
286
321713102
232
287
321713118
232
288
321713127
233
289
321713158
233
290
321713168
234
291
321713183
234
293
321713190
235
294
321713198
236
295
321713214
236
296
321713224
239
299
321713230
239
300
321713238
239
301
321713246
242
304
321713254
242
305
321713271
243
306
321713286
244
307
321713295
244
308
321713310
246
311
321713326
248
312
321713342
248
315
321713366
251
318
321713382
251
319
321713398
252
320
321713407
253
321
321713422
253
322
321713430
254
323
321713438
254
325
321713455
255
326
321713462
257
328
321713470
258
331
321713486
258
332
321713495
259
333
321713503
260
336
321713534
262
337
321713551
262
340
321713574
263
342
321713606
264
345
321713638
264
348
321713662
265
349
321713678
265
350
321713686
267
351
321713695
267
352
321713710
267
354
321713718
268
355
321713790
269
356
321713798
269
357
321713807
270
358
321713838
270
359
321713863
271
361
321713879
271
362
321713887
272
363
321713902
272
364
321713918
274
365
321713942
275
366
321713951
275
368
321713969
275
369
321713985
276
370
321714015
276
371
321714031
277
372
321714040
277
373
321714048
277
375
321714056
278
377
321714064
280
380
321714072
280
381
321714087
280
382
321714096
281
383
321714103
282
386
321714112
282
387
321714120
282
388
321714128
282
390
321714143
282
391
321714152
282
392
321714161
283
393
321714175
283
394
321714185
283
395
321714214
283
396
321714222
285
399
321714246
285
400
321714262
285
401
321714278
286
404
321714302
286
405
321714326
287
406
321714336
287
407
321714358
287
409
321714374
287
410
321714383
287
412
321714406
289
415
321714446
290
418
321714471
290
419
321714486
290
420
321714502
290
421
321714511
291
421
321714520
292
423
321714614
292
424
321714623
292
425
321714646
292
426
321714654
292
427
321714663
292
428
321714672
294
431
321714679
295
434
321714688
295
436
321714703
295
437
321714719
295
439
321714736
295
440
321714743
295
441
321714757
295
442
321714769
296
445
321714776
297
446
321714783
297
447
321714798
299
448
321714814
299
449
321714830
299
451
321714862
299
452
321714878
299
453
321714887
299
454
321714903
299
455
321714919
302
463
321714942
302
469
321714953
302
470
321714969
303
471
321714990
303
472
321715022
304
474
321715047
304
475
321715070
305
476
321715102
305
477
321715119
305
478
321715166
306
479
321715185
306
481
321715231
306
482
321715239
308
484
321715256
308
485
321715272
309
487
321715280
309
488
321715302
310
489
321715318
310
490
321715335
313
493
321715352
313
495
321715369
314
496
321715386
315
498
321715395
316
500
321715406
316
501
321715415
317
503
321715426
318
504
321715434
320
506
321715446
321
509
321715447
327
515
321715462
330
518
321715474
333
521
321715483
339
528
321715495
345
532
321715510
348
535
321715526
351
538
321715542
354
540
321715553
357
544
321715562
361
546
321715573
364
549
321715575
371
552
321715588
387
559
321715601
393
562
321715614
400
566
321715615
413
571
321715634
416
572
321715646
423
575
321715647
439
582
321715664
448
586
321715673
460
592
321715681
469
596
321715693
481
602
321715695
506
614
321715713
533
635
321715726
545
641
321715739
557
647
321715748
579
657
321715761
590
661
321715773
597
662
321715783
606
666
321715784
632
674
321715803
656
682
321715817
682
692
321715831
697
696
321715845
703
698
321715853
716
701
321715867
720
703
321715881
722
703
321715895
723
703
321715941
725
703
321715955
728
704
321715964
730
705
321715976
733
706
321716135
734
708
321716151
735
709
321716318
736
710
321716350
736
711
321716374
738
712
321716398
739
713
321716409
740
715
321716438
742
717
321716448
744
717
321716462
748
720
321716463
749
720
321716482
750
721
321716492
751
722
321716543
752
723
321716557
755
725
321716567
761
728
321716582
763
728
321716587
764
728
321716646
765
728
321716659
766
728
321716673
767
729
321716683
768
729
321716698
770
729
321716774
771
730
321717350
771
730
321717526